N   S_rec
100 0.972214
600 0.858789
1100 0.954537
1600 0.899298
2100 0.958325
2600 1.08065
3100 1.00044
3600 0.931705
4100 0.9651
4600 0.959533
5100 0.878805
5600 0.928811
6100 0.961057
6600 1.00904
7100 0.870884
7600 0.958142
8100 0.849787
8600 0.929255
9100 0.901701
9600 0.937781
10100 0.921196
10600 0.93094
11100 0.955572
11600 0.931146
12100 0.928826
12600 0.947522
13100 0.959597
13600 0.985081
14100 0.941875
14600 0.963557
15100 0.945816
15600 0.961619
16100 0.978856
16600 0.914232
17100 0.952883
17600 0.945146
18100 0.937837
18600 0.952874
19100 0.926402
19600 0.966757
20100 0.94416
20600 0.965606
21100 0.934892
21600 0.929454
22100 0.974413
22600 0.919731
23100 0.936019
23600 0.968094
24100 0.95164
24600 0.969447
25100 0.948586
25600 0.947528
26100 0.933474
26600 0.959787
27100 0.963962
27600 0.967634
28100 0.930004
28600 0.953517
29100 0.936131
29600 0.957105
30100 0.973506
30600 0.967766
31100 0.963461
31600 0.946678
32100 0.937686
32600 0.950145
33100 0.946366
33600 0.940964
34100 0.941422
34600 0.948049
35100 0.948393
35600 0.935073
36100 0.928585
36600 0.940338
37100 0.951774
37600 0.974024
38100 0.938786
38600 0.931411
39100 0.922235
39600 0.956501
40100 0.946757
40600 0.933421
41100 0.936968
41600 0.945805
42100 0.948428
42600 0.966965
43100 0.96883
43600 0.962402
44100 0.937161
44600 0.944094
45100 0.966609
45600 0.947908
46100 0.962934
46600 0.956358
47100 0.932788
47600 0.940964
48100 0.945331
48600 0.936206
49100 0.940929
49600 0.945556
50100 0.932238
50600 0.929559
51100 0.940821
51600 0.929632
52100 0.958032
52600 0.924157
53100 0.939257
53600 0.965502
54100 0.917942
54600 0.941231
55100 0.940983
55600 0.958749
56100 0.943099
56600 0.953147
57100 0.929988
57600 0.962424
58100 0.935735
58600 0.963255
59100 0.943261
59600 0.94644
60100 0.936302
60600 0.940769
61100 0.946596
61600 0.937807
62100 0.935579
62600 0.963672
63100 0.951568
63600 0.938736
64100 0.942789
64600 0.931128
65100 0.943092
65600 0.947167
66100 0.94721
66600 0.953236
67100 0.929471
67600 0.954236
68100 0.948515
68600 0.950388
69100 0.932115
69600 0.93841
70100 0.953074
70600 0.942056
71100 0.940764
71600 0.950352
72100 0.942144
72600 0.936459
73100 0.947875
73600 0.959268
74100 0.930097
74600 0.938069
75100 0.941403
75600 0.940321
76100 0.956628
76600 0.94886
77100 0.92581
77600 0.947282
78100 0.945948
78600 0.956381
79100 0.967051
79600 0.953038
80100 0.931917
80600 0.952552
81100 0.960106
81600 0.945883
82100 0.944385
82600 0.955618
83100 0.934074
83600 0.938372
84100 0.933834
84600 0.925786
85100 0.954849
85600 0.95336
86100 0.934274
86600 0.92989
87100 0.949331
87600 0.9458
88100 0.953012
88600 0.94522
89100 0.94919
89600 0.932826
90100 0.938979
90600 0.953649
91100 0.934755
91600 0.940266
92100 0.948674
92600 0.943131
93100 0.923237
93600 0.946039
94100 0.951344
94600 0.93018
95100 0.940011
95600 0.947807
96100 0.936906
96600 0.932963
97100 0.944779
97600 0.948207
98100 0.954771
98600 0.959198
99100 0.946608
99600 0.946639
