N   S_rec
100 0.9875
600 0.929167
1100 0.948864
1600 0.948438
2100 0.949405
2600 0.943269
3100 0.947984
3600 0.946875
4100 0.95061
4600 0.946196
5100 0.941912
5600 0.946205
6100 0.941803
6600 0.937689
7100 0.948768
7600 0.95148
8100 0.945988
8600 0.936483
9100 0.937363
9600 0.947526
10100 0.950866
10600 0.952005
11100 0.948423
11600 0.947306
12100 0.93657
12600 0.936806
13100 0.95124
13600 0.9375
14100 0.94078
14600 0.943322
15100 0.943295
15600 0.9375
16100 0.940062
16600 0.946084
17100 0.952412
17600 0.947585
18100 0.947307
18600 0.945094
19100 0.941296
19600 0.947385
20100 0.943159
20600 0.947816
21100 0.942773
21600 0.940799
22100 0.938009
22600 0.94281
23100 0.948106
23600 0.945816
24100 0.94694
24600 0.947561
25100 0.940737
25600 0.950928
26100 0.945307
26600 0.940977
27100 0.940544
27600 0.949185
28100 0.94177
28600 0.946285
29100 0.940593
29600 0.944468
30100 0.944975
30600 0.945139
31100 0.942042
31600 0.944146
32100 0.938396
32600 0.945897
33100 0.943958
33600 0.939881
34100 0.951833
34600 0.945882
35100 0.942984
35600 0.944206
36100 0.946468
36600 0.94959
37100 0.944205
37600 0.946642
38100 0.949541
38600 0.943718
39100 0.945748
39600 0.941761
40100 0.94467
40600 0.947352
41100 0.94927
41600 0.944862
42100 0.94902
42600 0.944865
43100 0.947477
43600 0.944266
44100 0.943594
44600 0.950336
45100 0.944928
45600 0.946299
46100 0.945526
46600 0.943616
47100 0.945807
47600 0.947453
48100 0.947531
48600 0.939841
49100 0.946716
49600 0.948513
50100 0.947156
50600 0.944615
51100 0.944692
51600 0.944913
52100 0.940907
52600 0.94577
53100 0.943291
53600 0.944683
54100 0.94658
54600 0.944528
55100 0.944487
55600 0.942379
56100 0.945878
56600 0.943441
57100 0.947307
57600 0.946029
58100 0.946235
58600 0.945691
59100 0.946997
59600 0.940688
60100 0.947587
60600 0.944884
61100 0.944374
61600 0.939468
62100 0.943619
62600 0.946146
63100 0.948574
63600 0.944418
64100 0.947523
64600 0.944853
65100 0.944739
65600 0.945884
66100 0.944951
66600 0.943356
67100 0.943983
67600 0.945562
68100 0.943227
68600 0.94395
69100 0.942438
69600 0.945402
70100 0.946041
70600 0.941501
71100 0.946607
71600 0.945077
72100 0.941713
72600 0.948089
73100 0.944511
73600 0.946739
74100 0.942864
74600 0.940483
75100 0.945123
75600 0.943237
76100 0.946321
76600 0.942885
77100 0.945623
77600 0.945925
78100 0.945262
78600 0.943241
79100 0.943552
79600 0.943405
80100 0.945802
80600 0.94361
81100 0.945715
81600 0.94401
82100 0.945981
82600 0.943266
83100 0.945232
83600 0.943511
84100 0.946775
84600 0.944917
85100 0.938088
85600 0.944772
86100 0.943583
86600 0.945497
87100 0.943872
87600 0.942965
88100 0.944679
88600 0.945344
89100 0.947292
89600 0.94615
90100 0.943937
90600 0.946523
91100 0.945829
91600 0.945442
92100 0.944096
92600 0.942198
93100 0.943716
93600 0.945713
94100 0.94555
94600 0.94601
95100 0.946096
95600 0.944535
96100 0.943691
96600 0.945885
97100 0.942546
97600 0.942328
98100 0.945566
98600 0.943737
99100 0.94416
99600 0.947565