500 398.8 348.9 321 287.6 261.8
600 289.1 278.4 274.2 273.4 274.4
700 321.7 320.1 322.9 320 324.1
800 367.8 372.8 375.7 390.7 380.5
900 422.9 419.6 412.1 409.6 406.6
1000 460.9 450 491.7 443.4 449.6
1100 511.6 505.5 505.1 502.8 501.1
1200 563.3 564.8 551.7 565.5 555.1
1300 605.9 614.1 606.8 610.5 637.9
1400 656.5 656.9 662 667.8 645.8
1500 689.8 714.1 704.2 687 697.4
1600 769.8 753.3 748.7 750.5 748.5
1700 795.5 824 822 794.3 821.5
1800 858.4 845.9 855.3 880.9 854.9
1900 888.7 889.7 909.9 925.5 894.1
2000 950.5 935.7 952.6 946.6 950.7
2100 999.5 1007 999.1 1000.1 1004
2200 1061.9 1036.2 1060 1055.3 1057.2
2300 1133.9 1087.1 1105.9 1105.2 1107.4
2400 1192.6 1187.3 1186.4 1187.7 1187.7
2500 1238.1 1224.2 1211.1 1205.9 1211
2600 1274.6 1262.8 1260.9 1260.5 1258.2
2700 1347.1 1343.2 1342.8 1294.4 1310.4
2800 1372.6 1367.2 1397.5 1397.9 1392.1
2900 1442 1436 1437.5 1436.5 1436.9
3000 1488.2 1489.2 1484.7 1487.6 1490.1
3100 1530.7 1533.7 1534.5 1532.3 1515.3
3200 1599.3 1597.1 1594.2 1601.7 1604.2
3300 1647.1 1647.6 1611.8 1618.8 1613.1
3400 1703.8 1704.2 1703.5 1700.6 1704.2
3500 1696.6 1727.5 1729.3 1725.8 1721.4
3600 1807 1812.7 1769.9 1778.2 1773.3
3700 1863.2 1864.1 1861.3 1861.4 1862.8
3800 1928.9 1937.8 1898.9 1897.7 1885.8
3900 1952 1942.8 1966.5 1936.9 1937.3
4000 2046.9 2027.2 2004.7 2029.5 1988.1
4100 2054.9 2040.6 2071.7 2083.4 2418.2
4200 2099.1 2094.1 2092.7 2086.7 2088.3
4300 2144.5 2140.7 2172.5 2138.2 2148.1
4400 2232.5 2178.1 2200.4 2217 2218.6
4500 2302.8 2299.3 2318.6 2299.1 2313.1
4600 2344.8 2353.5 2331.7 2384.7 2328
4700 2425.2 2377.8 2417.3 2385.5 2387.2
4800 2456.7 2433.4 2433.1 2425.9 2433.1
4900 2507.2 2507.3 2487.8 2493 2531
5000 3304.9 2592.7 2550.4 2750.9 2553.4
5100 2597 2635.2 2620.6 2691.7 6363
5200 2655.6 2628.2 2649.6 2721.3 2659.7
5300 2707.6 2720 2720.3 2703.8 2707.9
5400 3248.6 3008 2795.7 6394.8 2781.2
5500 2844.6 2846.2 2806.2 2793.6 2794.9
5600 2867.3 2860.7 2885.8 2874.3 2846.8
5700 2935.6 2932.1 2938.8 2915.8 2923.3
5800 3025.1 2983 2911.1 2911.6 2995.4
5900 3042.3 3046.6 3043.6 3002.1 2961.1
6000 3022.1 3007.4 3022.1 3019.6 3030.6
6100 3140.8 3146.5 3069.4 3054.3 3053.1
6200 3108.4 3137.2 3130.9 3131.1 3130.1
6300 3235.5 3177 3174.1 3178 3191.3
6400 3240.1 3232.2 3225.6 3232.6 3298.5
6500 3385.5 3382 3379.6 3374.4 3290.7
6600 7703.4 3388.1 3372 3369.4 3370.2
6700 4815.1 3469.9 3449.4 3470 3433.6
6800 3547.4 3546.8 3545.6 3543.6 3580.7
6900 3607.4 3560.8 3531.7 3542 3537.7
7000 3600.6 3624.9 3608.6 3623.5 3765.8
7100 3651.1 3723.5 3647.6 4529.6 5583.3
7200 3776.9 3799.7 3697.1 3742.2 3709.6
7300 3843.6 3826.3 3855.4 3783.5 3830.6
7400 3901.8 3937.9 3921.7 3894.4 3898.7
7500 3887.2 3987.7 3942.4 4368.1 3882.8
7600 4008.1 4005.6 4015.5 3933.2 4060.5
7700 3978.9 3974.5 3958.6 3979 3988.5
7800 4023.1 4084.6 3997.8 4019.4 4131.5
7900 4140.8 4132.8 4138.5 4106.8 4084
8000 4188.7 4103.4 4183.8 4109.5 4094.9
8100 4153 4300.7 4175.6 4171.4 4184.3
8200 4194.2 4197.6 4531.8 4387.2 4223.1
8300 4372.3 4390.9 4412.9 4377 4388.9
8400 4409.4 4393.4 4402.3 4387.3 4391.8
8500 4460.8 4480.8 4466 4466.7 5404.1
8600 4570.2 4744.6 4480.8 4482 4493.7
8700 4676.4 4631.3 4529.6 4488.3 4493.5
8800 4622.4 4620.6 4821.5 4631.2 4588.3
8900 4759.7 4742 4760.2 4747.9 4821.3
9000 4766 4741.8 4736.3 4713.8 4719.9
9100 4889.9 4886.1 4879.8 4869.6 4861.9
9200 4836.2 4854.2 4852.1 4838.9 4859.4
9300 4847.1 4844.4 4877.5 4881 5006.9
9400 4920.6 4957.3 4948 5382.8 4934
9500 5097.3 5103.7 5047.5 5007 4984.4
9600 5153.6 5188.5 5042.1 5051.6 5047.8
9700 5219.2 5216.6 5124.7 5120.4 5113.3
9800 5260.4 5255.9 5255.4 5168.4 5159.9
9900 5321.5 5331 5324.1 5178 5188.3
10000 5255.5 5238.7 5240.5 5278.1 5252.4
