500 491.7 428.2 372 317.4 285.4
600 310.8 310 299.1 295.3 298.7
700 347.2 349 347.8 349.2 347.8
800 401.8 399.4 411.3 408.3 412.3
900 461.3 461.7 443.8 442.5 447.4
1000 494.3 485 510.9 585.1 550.2
1100 563.9 558.7 552.2 550.2 551.5
1200 616.6 612.4 626.1 599.5 616.3
1300 665.1 647.3 657.2 658.8 676.7
1400 710.2 717.9 720.1 720.4 723.8
1500 783.9 769.2 785.7 751.9 755.2
1600 876.6 827.2 818.3 820.3 811.7
1700 879.5 869.1 877.2 904.3 870.9
1800 955.6 945 915.7 949.9 937.4
1900 989.1 976.7 976 996.2 1004.5
2000 1033.9 1035 1034.6 1044.2 1033.5
2100 1102.9 1093.9 1105.4 1098 1096.7
2200 1161.1 1161 1153.3 1158.2 1160.3
2300 1241.6 1234.6 1190.2 1214.5 1216
2400 1309.5 1300.4 1300.1 1303.1 1299
2500 1351.6 1356.6 1338.1 1326.2 1326.4
2600 1412.9 1403.7 1386.5 1387.8 1386.3
2700 1471.7 1472.9 1477.6 1477.8 1419.6
2800 1526.7 1524 1500.1 1530 1528.1
2900 1576.5 1577.7 1575 1574.2 1578.5
3000 1615 1629.5 1634.2 1628.3 1632.1
3100 1695.6 1682.3 1685.2 1682.2 1691
3200 1759.4 1750.1 1757.8 1751.5 1751
3300 1818.7 1809.2 1813.9 1771.5 1779.2
3400 1875.5 1871.5 1885 1873 1878
3500 1920.4 1897.6 1898.3 1899.2 1904.2
3600 1990.4 1992.2 1989.3 1958 1955.4
3700 2052.6 2047.8 2047.1 2046.3 2045
3800 2083.9 2117.9 2159.7 2116.2 2117.8
3900 6136.1 2162.6 2159.2 2135.8 2119.5
4000 2210.7 2229.8 2221.4 2193.4 2226.6
4100 2230.9 2266.6 2253.4 2254.5 2255.3
4200 2353.5 2294.2 2288 2300 2301.6
4300 2358.4 2370.5 2386.2 2380.3 2359.4
4400 2439.7 2426.6 2448.2 2417.4 2441.3
4500 2516.4 2537.3 2564.6 2565.3 2501.2
4600 2552.6 2574.2 2554.1 2566.5 2541.3
4700 2654.7 2617.7 2624.9 2637.1 2622.9
4800 2667.8 2697.6 2675.8 2673.9 2658.3
4900 2748.5 2723.9 2733.4 2725.2 2743.1
5000 2875.1 8523.4 2795.8 2796 2977.1
5100 2948.3 2897.4 2882.2 2870.7 3001.8
5200 2934.6 4974.1 2882.7 2910.5 2945.4
5300 2993 3007 3011.9 3000.5 2945.7
5400 3102.1 3292.3 3102 3021.3 3040.7
5500 3101 3167.4 3127.6 3077.9 3083.4
5600 3160.2 3167.2 3148 3175.5 3166.4
5700 3218.3 3180.7 3238.4 3269.1 3253
5800 3261.5 3302.1 3205.6 3204.7 3212.8
5900 3336.8 3338.1 3347.6 3346.3 3313.5
6000 3318.6 3316.4 3312.3 3346.1 3337.2
6100 3450.3 3451.1 3398 3367.2 3365.3
6200 3420.9 3444.3 3435.3 3447.5 3446.3
6300 3592.7 3499.6 3494 3491.4 3482.5
6400 3577.8 3566.3 3562.2 3557.1 3575
6500 3712.3 3719 3715.9 3719.1 3644.4
6600 3787.2 3759.2 3734.6 3714.3 3716.9
6700 3830.4 3785.2 3774.1 3850.9 3769.2
6800 3906.7 3904.6 3903.4 3916.4 3911.9
6900 3969 3966.8 3903.7 3895 3896.7
7000 3969.3 3981.3 3970.1 3970.6 4001.7
7100 4060 4021.4 4025.3 4019.1 5309.7
7200 4150.3 4156.3 4146.6 4098.6 4097
7300 4202.8 4203.8 4217 4254.1 4144.9
7400 4289.7 4290.9 4292.6 4271 4291.9
7500 4380.1 4272.2 4338.8 10414.9 4507.8
7600 4388.4 4397.9 4409.1 4399 4593.4
7700 4515.8 4371.6 4356.2 4391.6 4391.9
7800 4473.6 5534.7 4490.4 4400.4 4451.1
7900 4553 4556.6 4545.1 4544.1 4485.2
8000 4600.2 4604.8 4543.5 4655.4 4517.3
8100 4581.5 7491.6 4602.9 4605.5 4610.2
8200 4702.9 4604.6 4749 5010 4709.4
8300 4806.5 4815 4815.4 4826.9 4827.4
8400 4949.3 4867.6 5113.6 4849.7 4808.5
8500 4917.8 4907.5 4929.7 4918.8 4986
8600 4955.7 5140.1 5111.7 4951.3 4909.9
8700 4976.7 5264.4 4983.4 4951.8 4957.9
8800 5077.4 5072.7 5075 5123.5 5057.9
8900 5223.6 5232.8 5224.4 5227.2 5229.6
9000 5301.4 5228.5 5227.2 5223.7 5190.3
9100 5368.1 5378.1 5340.8 5343.8 5349.6
9200 5424.7 5317.2 5338.4 5342.1 5319.8
9300 5505.4 5347.6 5343 5371.3 5522.5
9400 5382.9 5418.7 5437.2 5443.2 5447.4
9500 5598.5 5600.8 5606.7 5542.2 5505
9600 5672.3 5667.1 5674.6 5552.9 5534.4
9700 5762.5 5731.8 5703.7 5632.4 5627.2
9800 5777.8 5785.9 5771.8 5674.4 5682.7
9900 5840.1 5841.6 5849 5723.8 5691.7
10000 5777.7 5753.3 5753.6 5749 5797.7
