500 435.3 348.8 304.4 277.1 257.1
600 279.4 270.4 265.9 266 266.4
700 313.3 311.7 312.9 311.6 312.1
800 356.3 357.8 374.2 365.6 369.2
900 417 411.6 398 393.9 393.5
1000 438.1 433.5 451.8 445.1 440.8
1100 492.8 479.6 494 492.3 496.6
1200 553.1 548.6 529.2 527.4 548.3
1300 587.8 584.6 586.7 587.7 615.3
1400 632.5 635.3 644.5 642.6 625.8
1500 685.8 694.1 692.8 669.6 663.8
1600 749.6 720 727.1 723.1 714.9
1700 772.3 791.3 760.8 768.7 776.2
1800 831.4 826.8 817.9 836.8 822
1900 864.8 860.7 868.5 886.3 859.4
2000 916.9 900.8 917.4 911.2 912.8
2100 965.5 972.2 949.2 967.8 968.8
2200 1021.2 1000.7 1018.9 1020.4 1024.3
2300 1100.2 1046.7 1049.3 1067.9 1067.4
2400 1149.6 1144.9 1144.6 1149.1 1144.3
2500 1192.1 1198.8 1164.3 1162.9 1166.8
2600 1218.9 1215.8 1215.9 1218.8 1216.8
2700 1300.5 1295.8 1296.5 1288.5 1265
2800 1334.8 1304.7 1351.5 1346.2 1346.6
2900 1388.1 1387.6 1384.9 1385.6 1386.5
3000 1385.6 1441.8 1434.5 1438.4 1432.7
3100 1478.3 1480.7 1482.1 1480.2 1469.6
3200 1539.2 1539.8 1541.2 1542 1537
3300 1591.4 1592.9 1595.3 1559.1 1558.4
3400 1640.2 1635.9 1640.9 1638 1635.9
3500 1667.7 1654.8 1657.8 1656.7 1654.5
3600 1745.3 1746.7 1738.2 1698.1 1707.4
3700 1791.1 1794.2 1793.7 1793.9 1792.2
3800 1879.1 1864.3 1870.3 1818.4 1816.8
3900 1889.1 1909.9 1882.5 1862.6 1848.9
4000 1933.4 1938.4 1928.7 1943.5 1901
4100 1949.9 1950.2 1956.9 1993.3 1954.9
4200 2001.6 2006.6 2005.2 2006.6 2007.8
4300 2054.1 2080.9 2081.6 2045.8 2047.9
4400 2123.2 2123.2 2109.5 2126.4 2130.6
4500 2201.4 2198.1 2237.7 2192.8 2229.9
4600 2248.3 2252.2 2228.5 2419.1 2220.9
4700 2324.2 2277.8 2293.3 2285.5 2295.8
4800 2369.7 2347.6 2338 2306.4 2331.1
4900 2388.3 2383.4 2374.3 2375 2388.1
5000 2564.4 3992.6 2475.6 2453.3 2456.9
5100 2736.5 2525 2542.3 2487.8 2659.7
5200 2538.1 3117.1 2534 2549 2573.4
5300 2583.5 2594.8 2606.4 2631.6 2592.5
5400 3490.2 2831 2662.7 2648.2 2628.6
5500 2701.2 2718.5 2705.7 2680.5 2693.5
5600 2752.2 2739.2 2780.3 2761.8 2739.3
5700 2774.2 2853.1 2805.9 2835.6 2802.3
5800 2847.6 2876 2783.1 2788.3 2795.8
5900 2911.1 2912.5 2913.9 2911 2833.5
6000 2891.6 2875.2 2876.3 2890.5 2896.3
6100 3009.8 3009.5 3011.4 2920.2 2922.6
6200 2970.8 2992.7 2994.4 2994.1 2995.1
6300 3116.4 3031.5 3029.7 3033.3 3049.9
6400 3099 3093.1 3090.2 3082.4 3134
6500 3237.3 3236.6 3238.8 3183 3150.7
6600 3295 3283.3 3230.3 3224.3 3225.4
6700 5704.4 3285.9 3283.8 3354.2 3306.6
6800 3396.3 3393.7 3392.9 3363.9 3389.4
6900 3444.1 3402.2 3380.6 3376.6 3372.6
7000 3450.7 3450.6 3444.6 3473.2 3455.1
7100 3493.2 3472.5 3488.4 5268.3 4076.8
7200 3634.2 3633.3 3541.1 3594.7 3524
7300 3660.8 3657 3678.9 3672.6 3592.4
7400 3727.2 3750.6 3679.6 3719.6 3729.5
7500 3696.2 3707.2 3778.5 5310.1 3706.7
7600 3806.8 3818.7 3832.1 3779.4 3866.7
7700 3814.7 3800.7 3777.5 3784.4 3811.4
7800 3903.4 3929.8 3829.2 3822.8 3843.9
7900 3948.2 3945.2 3943 4081.3 3908.6
8000 3993.3 3904.2 3934.3 3919.7 3911.7
8100 3976.9 4349.7 3982.2 3971.4 3992.3
8200 4137.2 4003.6 4183.4 4389.5 4045.3
8300 4165.4 4195.8 4185.5 4183.8 4209.4
8400 4386.5 4199.5 4296.9 4212.7 4163.3
8500 4267.2 4264.2 4266.1 4269.6 4469.3
8600 4252.4 4476.3 4329.5 4293 4274.4
8700 4425.3 4486.5 4315.8 4291 4282.6
8800 4399.5 4429.3 4442.7 4397.2 4410.4
8900 4513.5 4513.5 4526 4520.9 4518.6
9000 4598.2 4504.3 4496.6 4504.7 4499.6
9100 4650.9 4663.4 4628.7 4641.2 4640.5
9200 4661.3 4618.9 4628.5 4625.2 4606.4
9300 4676.9 4606.1 4631.9 4643 4773
9400 4670 4711.4 4714.9 4691.6 4691.3
9500 4858.4 4857.9 4881.2 4809.5 4764.5
9600 4919.6 4917.7 4796.7 4801.7 4798
9700 4970.7 4972.2 4869.4 4872.4 4871.4
9800 5052 5011.1 5040.2 4918.9 4922.6
9900 5114.3 5073.1 5078.2 4932.7 4937.4
10000 4995 4978.7 4988.5 4960.1 5011.8
