500 506.7
600 305.9
700 314.9
800 358.2
900 416.3
1000 451.3
1100 507.6
1200 547.3
1300 593.3
1400 652.6
1500 700.8
1600 769.6
1700 805.6
1800 849.8
1900 909.5
2000 949.1
2100 1006.7
2200 1056.8
2300 1112.1
2400 1164.7
2500 1209.8
2600 1258.8
2700 1312.3
2800 1364.3
2900 1409.8
3000 1455.6
3100 1499.3
3200 1557.7
3300 1615
3400 1674.2
3500 1731.9
3600 1768.8
3700 1835.5
3800 1891.6
3900 2355.6
4000 2002
4100 2020.5
4200 2100.6
4300 2143.5
4400 2237.7
4500 2278.5
4600 2313.7
4700 2361.1
4800 2448
4900 2493.8
5000 8116.4
5100 2590.5
5200 2639.2
5300 2704.6
5400 2756.6
5500 2838.3
5600 2845.2
5700 2924.1
5800 2966.2
5900 2976.5
6000 3024.3
6100 3075.9
6200 3107.8
6300 3192.9
6400 3248.1
6500 3324.5
6600 3371.5
6700 3428.3
6800 3489.2
6900 3530.8
7000 3600.6
7100 3687.5
7200 3728.3
7300 3768.3
7400 3806.3
7500 4053.2
7600 3920.7
7700 4042.8
7800 4140.6
7900 4085
8000 4129.1
8100 4162.4
8200 4211.5
8300 4292.2
8400 4365.2
8500 4438
8600 4478.5
8700 4552.6
8800 4599.4
8900 4694.5
9000 4744.1
9100 4789.6
9200 4804
9300 4907.6
9400 4963
9500 4996.5
9600 5076.9
9700 5116.8
9800 5191
9900 5197.6
10000 5269.4
