500 736
600 329.5
700 343.8
800 392.2
900 477.3
1000 494.5
1100 548.9
1200 597.2
1300 663
1400 709.7
1500 753.3
1600 838.4
1700 886.7
1800 943.7
1900 989.7
2000 1034.5
2100 1101
2200 1159.1
2300 1221.4
2400 1265.5
2500 1328.8
2600 1382.8
2700 1443.6
2800 1504
2900 1552
3000 1603.7
3100 1650.8
3200 1757.8
3300 1787.2
3400 1844.3
3500 1899.1
3600 1953.5
3700 2026.3
3800 2070.8
3900 2220.4
4000 2177
4100 2241.2
4200 2417.7
4300 2356.3
4400 2452.3
4500 3100.5
4600 2579.1
4700 2593.9
4800 2711.1
4900 2719.5
5000 2965.6
5100 2854.1
5200 4169.4
5300 2992.6
5400 3035.6
5500 3203.6
5600 3163.5
5700 3201.9
5800 3308.1
5900 3282.3
6000 3313.9
6100 3388
6200 3424.4
6300 3516.4
6400 3578.8
6500 3638.7
6600 3757.5
6700 3781.6
6800 3845.2
6900 3890.1
7000 3958.2
7100 4848.8
7200 4082.9
7300 4137.7
7400 4206.7
7500 4382.2
7600 4312.3
7700 4390.7
7800 4428
7900 4521.8
8000 4531.7
8100 4571.9
8200 4649.3
8300 4718.2
8400 4808.9
8500 4881.9
8600 5753.1
8700 5008.9
8800 5044.6
8900 5130.3
9000 5204.8
9100 5254.9
9200 5291.6
9300 5394.2
9400 5463.5
9500 5476.3
9600 5524.7
9700 5596.8
9800 5688.2
9900 5716
10000 5734.8
