500 543.7
600 295.2
700 304.5
800 348.9
900 403.9
1000 442.5
1100 483
1200 532.9
1300 574.2
1400 621.1
1500 674.5
1600 735.6
1700 777.7
1800 814.1
1900 877.9
2000 915.4
2100 968.6
2200 1023
2300 1072.6
2400 1114.4
2500 1171.3
2600 1214.5
2700 1266.1
2800 1320.5
2900 1357
3000 1404.4
3100 1447.7
3200 1504.5
3300 1557.4
3400 1610.3
3500 1655.3
3600 1704.7
3700 1761.1
3800 1810.9
3900 1877.5
4000 1895
4100 1964.8
4200 2038.9
4300 2055.1
4400 2124.2
4500 5664.1
4600 2228.7
4700 2233.9
4800 2327.6
4900 2387.5
5000 3003.2
5100 2483.3
5200 2527.4
5300 2618.3
5400 2648
5500 2728.7
5600 2742.3
5700 2771.7
5800 2842.9
5900 2847.2
6000 2876
6100 2938.3
6200 2973.2
6300 3052.2
6400 3097.3
6500 3168.1
6600 3228.1
6700 3272.9
6800 3337.8
6900 3371.8
7000 3434.2
7100 3943.9
7200 3535.6
7300 3582.3
7400 3642.2
7500 3929.9
7600 3754
7700 3824.9
7800 3917.8
7900 3893
8000 3915
8100 3968.1
8200 4027.5
8300 4086
8400 4162.8
8500 4224
8600 4470.3
8700 4345.2
8800 4377.1
8900 4472.2
9000 4521.4
9100 4542.3
9200 4576
9300 4678
9400 4702.1
9500 4785.8
9600 4784.5
9700 4846.5
9800 4926.1
9900 4945.3
10000 6160.4
